image: /home/irp2023/map.pgm
resolution: 0.050000
origin: [151.224998, 151.224998, 45.000000]
negate: 0
occupied_thresh: 0.65
free_thresh: 0.196

